"A" "B" "C"
"1" 30 0 100
"2" 30 1 100
"3" 30 2 100
"4" 30 3 100
"5" 30 4 100
"6" 30 5 100
"7" 30 6 100
"8" 30 7 100
"9" 30 8 100
"10" 30 9 100
"11" 30 10 100
"12" 31 0 95
"13" 31 1 95.5
"14" 31 2 96
"15" 31 3 96.5
"16" 31 4 97
"17" 31 5 97.5
"18" 31 6 98
"19" 31 7 98.5
"20" 31 8 96
"21" 31 9 98
"22" 31 10 100
"23" 32 0 90
"24" 32 1 91
"25" 32 2 92
"26" 32 3 93
"27" 32 4 94
"28" 32 5 95
"29" 32 6 96
"30" 32 7 97
"31" 32 8 98
"32" 32 9 99
"33" 32 10 100
"34" 33 0 80
"35" 33 1 82
"36" 33 2 84
"37" 33 3 86
"38" 33 4 88
"39" 33 5 90
"40" 33 6 92
"41" 33 7 94
"42" 33 8 96
"43" 33 9 98
"44" 33 10 100
"45" 34 0 60
"46" 34 1 64
"47" 34 2 68
"48" 34 3 72
"49" 34 4 76
"50" 34 5 80
"51" 34 6 82
"52" 34 7 84
"53" 34 8 86
"54" 34 9 88
"55" 34 10 92
"56" 35 0 45
"57" 35 1 45.2
"58" 35 2 45.4
"59" 35 3 45.6
"60" 35 4 45.8
"61" 35 5 46
"62" 35 6 46.2
"63" 35 7 46.4
"64" 35 8 46.6
"65" 35 9 46.8
"66" 35 10 47
"67" 36 0 0
"68" 36 1 1
"69" 36 2 6
"70" 36 3 15
"71" 36 4 20
"72" 36 5 25
"73" 36 6 30
"74" 36 7 35
"75" 36 8 40
"76" 36 9 45
"77" 36 10 50
"78" 37 0 0
"79" 37 1 5
"80" 37 2 10
"81" 37 3 18
"82" 37 4 28
"83" 37 5 40
"84" 37 6 50
"85" 37 7 55
"86" 37 8 56
"87" 37 9 57
"88" 37 10 58
"89" 38 0 20
"90" 38 1 23
"91" 38 2 27
"92" 38 3 33
"93" 38 4 40
"94" 38 5 45
"95" 38 6 50
"96" 38 7 55
"97" 38 8 60
"98" 38 9 62
"99" 38 10 65
"100" 39 0 45
"101" 39 1 50
"102" 39 2 55
"103" 39 3 60
"104" 39 4 65
"105" 39 5 70
"106" 39 6 75
"107" 39 7 80
"108" 39 8 85
"109" 39 9 90
"110" 39 10 95
"111" 40 0 80
"112" 40 1 82
"113" 40 2 84
"114" 40 3 86
"115" 40 4 88
"116" 40 5 90
"117" 40 6 92
"118" 40 7 94
"119" 40 8 96
"120" 40 9 98
"121" 40 10 100
"122" 41 0 90
"123" 41 1 91
"124" 41 2 92
"125" 41 3 93
"126" 41 4 94
"127" 41 5 95
"128" 41 6 96
"129" 41 7 97
"130" 41 8 98
"131" 41 9 99
"132" 41 10 100
"133" 42 0 95
"134" 42 1 95.5
"135" 42 2 96
"136" 42 3 96.5
"137" 42 4 97
"138" 42 5 97.5
"139" 42 6 98
"140" 42 7 98.5
"141" 42 8 99
"142" 42 9 99.5
"143" 42 10 100
"144" 43 0 100
"145" 43 1 100
"146" 43 2 100
"147" 43 3 100
"148" 43 4 100
"149" 43 5 100
"150" 43 6 100
"151" 43 7 100
"152" 43 8 100
"153" 43 9 100
"154" 43 10 100
"155" 44 0 100
"156" 44 1 100
"157" 44 2 100
"158" 44 3 100
"159" 44 4 100
"160" 44 5 100
"161" 44 6 100
"162" 44 7 100
"163" 44 8 100
"164" 44 9 100
"165" 44 10 100
"166" 45 0 100
"167" 45 1 100
"168" 45 2 100
"169" 45 3 100
"170" 45 4 100
"171" 45 5 100
"172" 45 6 100
"173" 45 7 100
"174" 45 8 100
"175" 45 9 100
"176" 45 10 100
